18,292400236282887 95,72553132584521
67,45768597787117 84,9125033245346
21,316344677100687 95,71933940304689
64,60806072794057 84,63923779426237
21,092176522335947 96,89704076535031
69,20855248008165 84,9024933746084
69,50213101274959 85,20408144264393
16,867731666059893 98,33538296614829
67,61867997186037 87,1468938662271
68,98974766002982 85,08411774463367
67,26545408682297 84,9912131981757
68,54058060545044 86,25011840589467
64,7399732467038 87,43509649137589
69,09478781385288 84,87630812233901
22,083483585903362 97,88856206161607
68,42488116062746 85,22152676916352
64,66849507451307 85,96485991666998
17,843389498619427 98,2448864120337
69,16793066999976 87,15038940551409
64,58046145548357 85,2193163995193
19,794423740790997 96,37461853363011
19,19538969045531 97,94699658877506
66,88520163299259 87,17605496383686
19,37979188387753 98,86208033924242
18,719415427122687 97,00638266894696
69,7013400659037 87,25581532833402
64,86922108940816 86,17483726664722
67,78340649273615 86,35072611435503
19,055876616565236 97,80626160624905
20,47618408332131 97,64797491503646
22,527532487308395 98,44685032706683
69,45499781342988 86,14536803734724
66,30337844309616 86,28111017590182
67,3804910893487 86,02092932619358
64,56941890481488 84,62304239991255
18,35087471923232 95,94980492399529
18,780746220097125 96,70054094375824
67,96716324315068 87,78169508350233
20,899935192924843 98,94133991864234
20,465413758866926 97,04359926721989
19,420235066974232 97,91035741314275
18,513497678153538 97,1337359798595
19,66748839932695 98,2281595409154
69,32052761516614 84,5421291220355
68,13120155780143 86,04345115792415
22,501380970399484 96,89002240219959
19,002398893288937 96,72148060587301
17,27317500957006 97,44592377629655
69,34573617691962 87,70906694905557
64,8105629521386 84,86805187478147
18,652901043550717 97,93784522176428
69,4548153116258 84,86541220491921
67,04524180433516 86,95791917763898
64,34385547766377 87,05949581117316
66,84005054226904 85,92071171861394
19,36393827664449 98,11707362527419
21,46288945515658 96,51193944094862
20,936005779242763 98,7869883503221
65,65723629949542 87,02022532157889
66,78177810943122 85,17391976424787
22,006461140694295 98,15138738784789
67,76028125022586 85,10700057719959
17,381141065086965 96,04268130675733
20,45176803504221 98,59966598951328
67,12288437735342 87,08542964541012
66,64694184785967 84,98139851524382
65,9083840666638 87,43812367595396
21,57779619259043 95,80595729799732
68,03546999609516 86,8260584763359
17,060965082123715 98,97938960172563
18,00441816017022 97,44777941143471
63,94062638636294 87,77751031781972
17,900655590869338 96,80944018183796
66,50385520702267 85,64672759332093
68,5359412537731 86,22327921422581
21,58310840896294 97,44046049254726
20,32892609706486 98,79968858115576
64,66434301752452 84,90038836434928
64,88323446684201 85,9143655560047
67,06987640293369 84,95691458630876
17,973608261561584 98,8973974543072
66,28917425738267 86,56374850870867
66,03653218759906 85,61332367729709
19,928780862971625 96,8120442161187
66,55729230288763 86,78245169409266
67,34737676634086 84,71947937616089
19,102395138320237 97,19692594044047
68,67048456463006 86,59284804627372
69,28527356387143 84,72699793373354
20,57066145872997 96,65572870850424
21,327260019040473 98,30458479525188
64,26926424414167 87,3930763992718
22,044430245239 97,67527662373499
68,18281986374964 87,38747888555199
22,08765719806047 96,12352639895855
66,1369356276989 86,7187592131466
66,38115650908716 84,84398999407368
64,90460434254582 87,47883972599793
22,153215007761922 96,01924833975862
22,056115249195614 96,78802989597305
22,17267740751935 96,05944739994322
21,502342857847108 96,71263839363421
67,77587238177826 86,75997065536794
68,98618895596715 85,30472111980566
67,26437028076181 87,5094117035376
69,30416178244323 86,20530592609683
67,57181933337125 87,72376512858617
17,879112875497633 98,17690230712577
67,77344595504309 86,2432223378343
18,622857632803324 96,47220180750597
22,1023945204089 96,29124691116166
69,16876119348868 85,31698752538605
67,86816012843087 86,27034525914421
65,88394711772334 87,74923356966802
64,14430684387496 86,25867241884004
17,31575086859583 98,63102973468557
66,93565831987459 86,40930381135792
18,761651300946728 97,25138929629215
19,461132585363103 97,65062385718282
68,65852415643893 86,02263086388977
64,57207866360237 84,97801849389445
69,64233998273166 86,60593162982077
69,35776012438507 85,66174265827043
63,949398442769834 87,35539282123233
17,681463855043216 98,51598374727538
65,59829840863543 87,25337901275711
67,21909576051496 85,99763664598815
19,845005533411573 95,96656251409526
19,655281229183707 98,48170065035664
21,920921313636853 98,61992745468537
19,040781891547905 97,74907464880432
67,34308946711073 84,82765118457746
20,476886269872622 98,07243514486126
17,942334504548977 98,30056337222634
63,98640705045364 84,74320342739273
16,99841482246666 95,6727515672738
68,37113218583596 85,61406133572206
67,22834006321439 84,92959061056422
22,444718270976423 98,80885482953549
66,29041239062946 85,99213634133554
64,58911034212703 87,22665808921462
67,62478510616056 87,82800305153424
18,40816765047048 97,83456552569811
20,81545813481878 97,92033754770563
21,408738065558794 98,25077230150788
64,08995752033078 86,18585137269477
20,68278494379137 96,39780098970465
66,5993695771221 86,68957994396023
21,700417721156484 98,33050937561973
65,24853911571672 87,22774779186462
66,08360269004864 86,2990661977506
69,46532954227817 86,52984742972987
21,68798449648481 97,42387852149568
67,02990328306716 84,56596098073224
20,440125785331542 96,00857479908362
68,63079186104812 84,88702656191315
68,27136545820193 85,24100669592397
66,82932730187036 85,14525075706294
19,56210703384099 96,76354597182645
18,21391348175706 96,45715341043459
68,74901440247028 87,01271432503478
19,257584307354985 98,11350943963632
64,10133846287525 87,83596154486453
17,873606995834457 98,46823484297701
19,000153986460493 96,03311780368027
69,24043893489348 84,92960390223924
20,940145125242825 97,98837029925166
17,02502150838249 96,41616886712659
68,5203774539493 84,91614665930913
68,04109995638863 87,55198011758125
66,31310001639437 86,07651744392992
67,1098332970356 84,61357819147148
20,239868836656452 98,77636169719746
68,15712803929182 86,76100493099261
66,4823136222333 86,1352849121891
20,90402300328702 98,30171925619776
19,211230293843762 98,26680087432653
68,55578029796027 87,47280068409515
66,78832464978981 86,78155932921638
68,82066115364513 84,91365195289978
17,38387255905611 97,43329677386065
18,88511364857358 98,34762912118151
64,46084918275801 86,00255841412854
67,33050539510248 86,24752668729238
19,44699373354124 98,11840717728309
17,427899202181155 97,86361489650113
65,88132537100292 86,37359928090103
17,59086881810043 96,54714639536408
17,732332752331143 97,78989192699703
21,0450278542821 97,251949650499
68,4493458738277 87,45214540367847
18,240695385193074 96,17704656073427
21,589207176629223 98,35774528011906
64,15684230236074 87,57407193107667
18,052571360258458 96,03008922182372
66,18363081039725 86,13478983698475
21,55051286792339 97,64588124187102
67,69248169261877 87,5717427772182
20,836656236856776 96,05528693483498
68,55146718920071 84,55502962953284
20,110866647569594 98,99755659244177
21,379412446884444 96,54689661441435
20,142240090346277 99,05890545454906
65,05392918755194 85,83271204216393
68,05204727261126 87,55029163274497
19,850463930959794 99,14431622043865
67,88793224758909 87,7721286830141
20,14055776060287 95,68260593392573
20,872194723708045 96,19788972223725
21,577840759393414 97,78948752157167
19,834349479234998 95,43648575872658
17,99419186083227 96,9767912912263
65,34712951933412 85,09183610953895
19,10817024009228 98,92786320109539
20,514801259019414 98,8216331584903