55	90	35
69	23	67
27	31	38
39	84	98
77	32	45
96	94	95
94	76	81
38	10	53
12	96	90
87	42	33
81	41	94
97	50	20
69	87	56
80	71	60
69	84	56
43	70	97
35	35	28
94	29	78
82	43	35
62	22	73
38	34	25
74	66	26
37	53	34
76	16	93
61	51	67
10	42	59
27	46	42
99	63	50
19	16	43
40	47	25
28	52	14
14	56	72
56	56	23
85	61	38
16	21	10
70	81	23
53	69	45
66	18	79
97	28	47
80	37	18
34	20	69
47	37	28
91	28	48
48	76	36
89	83	84
52	18	78
22	74	10
39	46	18
45	92	88
55	38	20
60	48	29
79	77	12
29	94	81
51	35	89
65	38	62
55	23	35
22	20	32
15	10	25
64	51	36
31	25	33
75	85	11
60	42	10
45	65	33
61	28	17
66	56	96
15	40	77
58	49	55
48	53	62
48	39	48
59	21	43
75	21	82
18	12	13
85	72	21
49	61	30
15	50	28
64	70	39
43	98	88
68	13	31
86	92	74
56	54	24
54	94	99
67	51	81
43	45	34
83	54	11
77	29	55
90	59	56
53	95	41
71	24	81
42	79	74
90	79	20
61	42	51
71	43	60
37	18	45
58	79	80
46	46	46
59	24	98
20	67	63
90	95	46
70	27	81
84	64	94
56	60	90
36	41	59
16	29	10
95	11	99
13	23	19
32	56	41
75	75	12
42	57	91
22	34	64
62	40	54
41	97	91
17	53	78
52	36	38
12	11	98
72	90	85
27	96	10
15	79	33
51	22	63
85	38	78
72	72	98
57	27	52
11	10	76
90	22	68
45	85	39
34	39	20
16	69	84
38	49	70
66	41	38
78	80	11
88	10	80
35	24	81
25	20	64
86	42	56
50	86	32
13	97	91
26	17	89
86	27	38
37	53	58
19	52	74
16	50	37
67	28	57
57	72	42
60	15	91
60	80	73
92	42	73
45	72	51
59	34	71
55	54	32
59	15	34
93	26	28
66	51	58
50	11	76
52	48	98
89	23	38
40	10	49
26	69	23
19	61	48
67	77	94
69	69	69
34	53	98
45	73	41
67	53	76
49	19	73
46	32	48
14	16	25
80	73	26
12	35	73
74	49	51
90	83	21
10	40	22
56	30	59
24	79	27
87	91	70
35	29	71
88	27	83
30	29	43
92	82	74
70	43	88
21	98	13
20	30	94
39	69	22
50	91	39
65	31	20
11	37	52
90	45	45
99	15	63
55	74	71
50	56	34
64	55	72
71	48	88
87	16	43
63	57	22
38	16	44
80	83	72
33	98	65
59	33	54
28	21	16
62	40	40
11	17	21
76	76	67
71	73	17
58	87	26
39	55	40
28	26	41
32	85	30
29	54	17
54	60	51
33	82	42
86	23	92
91	76	18
62	91	36
93	67	10
29	90	23
42	67	25
66	45	36
70	47	91
15	20	53
55	38	41
42	51	76
95	72	48
63	34	70
72	75	47
57	57	45
50	79	57
28	46	98
97	30	54
23	24	19
60	67	16
80	85	81
47	24	28
70	66	63
12	12	51
75	94	95
39	70	88
67	34	35
33	20	35
80	59	67
78	57	88
54	58	90
39	93	52
45	13	38
71	56	42
18	90	92
30	46	83
79	86	87
53	38	28
16	61	97
56	12	49
93	52	46
93	95	69
63	83	14
79	89	76
36	67	84
18	36	55
25	98	64
99	30	98
13	89	60
77	17	79
46	39	77
31	52	89
98	17	18
65	39	38
74	24	57
26	11	51
44	17	69
35	71	87
70	81	84
54	17	73
37	86	47
84	89	26
35	27	73
40	64	78
73	73	70
83	88	39
96	45	97
72	89	59
19	59	98
78	70	85
21	40	89
63	56	65
75	88	24
54	84	53
53	11	41
79	47	67
75	87	12
38	71	32
26	99	96
93	16	27
49	61	92
50	44	25
48	86	24
90	29	50
20	52	93
22	86	49
90	39	68
93	94	24
30	50	86
62	99	37
62	50	98
69	45	49
86	93	56
94	44	32
62	22	24
78	57	60
86	37	35
19	13	82
56	76	89
41	83	98
65	81	59
72	15	81
38	54	57
65	61	98
27	81	73
89	97	64
23	22	62
86	48	62
27	85	18
49	57	36
93	48	56
41	53	76
24	59	15
67	36	49
56	86	58
67	76	48
89	86	98
71	32	77
72	73	81
77	14	44
92	78	38
38	27	73
26	11	32
86	53	86
42	61	37
11	65	61
83	63	81
32	51	20
58	69	44
51	82	99
33	50	79
39	55	90
82	95	67
26	28	94
48	79	70
75	36	19
39	93	46
21	96	55
66	81	77
61	56	80
11	25	69
96	95	93
40	91	53
44	43	70
81	70	94
78	83	47
48	82	63
21	56	35
59	56	36
55	90	41
51	93	72
37	79	91
53	32	83
35	31	67
80	25	18
24	48	59
50	22	60
74	61	71
76	10	83
11	48	52
88	82	95
61	91	90
51	77	61
91	97	97
74	75	17
36	70	83
110	88	66
92	82	40
53	42	65
89	19	99
16	94	86
27	88	31
13	88	98
80	65	32
72	75	12
29	94	48
33	76	51
11	34	60
18	92	14
72	81	12
13	72	79
93	90	90
75	45	60
97	79	46
10	22	31
99	56	12
99	85	11
91	61	63
40	28	48
63	29	85
25	84	20
67	62	95
11	78	68
80	24	93
92	10	65
47	29	88
77	40	69
47	92	39
76	46	49
71	39	11
91	25	23
55	35	45
20	31	50
99	53	41
14	76	37
90	62	67
11	57	73
52	54	68
71	96	65
29	53	68
13	30	65
70	66	20
96	98	83
52	40	81
65	97	72
60	38	73
97	99	16
55	43	10
52	16	89
64	73	50
38	30	68
21	24	77
53	89	99
21	72	84
69	69	86
41	45	58
93	72	31
30	17	99
22	31	39
69	76	75
62	79	53
76	55	83
14	30	43
72	33	97
62	23	95
18	75	39
27	83	11
10	79	37
98	31	17
25	19	36
68	42	18
14	90	67
87	25	42
28	11	29
18	92	13
72	10	83
56	43	88
16	83	12
56	57	45
57	27	61
14	90	92
89	83	57
41	87	27
17	97	53
70	25	12
85	34	75
59	90	65
52	75	21
24	36	41
84	66	47
41	47	56
71	12	41
48	14	13
19	91	38
61	29	60
21	42	82
34	98	82
28	35	97
43	96	75
69	34	97
35	35	35
44	59	56
80	89	88
92	46	84
76	54	98
32	68	10
73	99	34
41	11	11
38	78	77
53	28	72
63	69	28
17	99	42
19	41	62
16	77	40
27	66	39
87	29	96
59	45	77
72	40	69
91	27	49
74	34	90
16	13	87
40	15	84
75	75	75
34	61	97
35	44	76
87	28	65
20	26	25
83	44	17
37	85	58
72	12	75
30	30	46
90	31	25
76	97	34
39	12	43
65	17	48
77	26	78
29	11	54
73	26	27
68	62	44
94	69	24
13	63	82
27	44	71
82	24	67
65	61	23
70	45	40
84	97	32
95	12	81
85	44	16
27	36	35
91	10	15
80	34	29
90	35	85
23	46	73
60	53	40
55	67	10
39	34	99
81	57	89
72	90	18
69	79	11
68	31	34
11	43	86
56	47	12
94	99	90
48	90	102
39	38	86
31	19	97
11	55	42
61	12	91
76	48	15
68	54	89
70	86	44
85	13	94
17	10	80
96	47	85
75	36	71
23	29	21
31	17	91
41	82	12
95	43	69
89	54	20
72	88	41
19	14	28
32	51	47
87	83	12
56	94	80
43	68	89
71	55	77
97	30	88
72	72	75
96	39	88
39	72	23
32	55	42
66	72	77
74	56	11
87	70	48
30	91	49
81	90	19
71	69	31
53	92	81
83	64	10
50	17	99
85	11	63
86	35	43
15	68	77
54	95	44
80	49	38
47	54	92
92	60	85
30	92	78
30	11	74
49	86	72
86	60	39
47	31	77
20	21	29
61	21	92
79	25	47
19	66	62
62	62	62
93	36	98
29	85	80
23	41	93
11	54	28
87	89	79
66	71	71
48	93	85
85	36	12
25	75	13
16	14	29
24	32	78
12	51	63
63	80	75
71	86	37
52	55	86
58	52	32
45	34	39
93	18	31
26	51	18
37	40	90
92	35	40
94	58	34
49	93	27
33	88	71
57	24	59
84	68	93
26	33	92
96	38	86
83	16	91
75	21	31
29	29	29
35	45	16
89	82	29
61	96	98
42	88	79
68	15	53
83	53	94
77	73	31
23	96	12
87	75	51
40	13	63
75	75	75
19	54	30
30	99	62
57	71	91
58	55	90
83	34	29
78	81	66
79	28	77
71	77	83
42	98	24
18	12	72
23	54	61
31	40	70
69	65	24
15	29	19
37	11	74
66	51	48
78	35	19
62	62	26
56	35	13
37	81	35
36	46	11
74	61	30
24	50	44
41	44	63
55	10	21
72	30	78
71	40	79
66	84	54
38	38	38
60	53	33
78	34	70
28	28	28
67	93	90
13	43	24
19	60	55
53	78	87
64	45	58
37	38	52
36	32	16
52	14	32
46	54	78
98	57	76
90	85	80
55	92	19
15	33	41
38	55	65
93	73	40
50	22	47
56	78	78
75	17	62
61	73	90
38	87	79
82	35	17
38	41	49
10	28	32
99	80	45
36	58	45
93	74	92
46	90	92
50	16	33
22	47	90
10	61	12
31	99	86
87	57	24
80	73	40
82	49	82
68	28	27
53	39	89
20	66	24
16	53	76
69	31	73
37	32	53
27	44	63
90	35	21
57	69	23
82	70	79
33	51	95
31	97	69
46	83	88
51	25	59
45	59	19
27	89	50
53	33	47
48	12	70
72	58	79
98	32	51
43	63	49
48	33	63
90	37	76
17	25	44
74	93	83
58	70	67
96	86	18
26	76	96
75	85	97
51	66	87
65	27	50
22	32	33
42	58	27
52	63	35
34	16	62
44	44	14
45	66	46
76	27	94
37	84	71
25	25	81
66	54	76
88	99	31
55	67	33
83	36	58
96	72	120
63	55	44
40	95	96
59	49	30
21	78	42
72	63	20
80	67	27
42	42	59
11	88	10
14	58	95
60	23	80
50	96	90
62	85	84
66	12	51
41	19	46
98	57	89
64	48	80
34	76	79
59	94	62
85	11	32
95	70	99
61	95	60
62	35	18
59	28	80
86	34	50
11	34	24
53	52	84
16	29	82
21	21	60
56	94	91
63	14	55
86	64	74
30	50	89
31	11	45
51	62	11
68	77	15
93	89	16
39	49	35
65	32	39
47	91	47
69	89	62
47	18	44
80	53	10
79	55	65
33	88	80
21	33	16
86	35	72
79	12	47
78	95	94
19	35	63
64	77	32
53	34	60
57	62	47
67	29	76
67	16	36
23	50	66
65	88	52
82	47	98
28	66	11
96	88	82
45	57	27
58	73	77
94	30	55
39	33	27
67	84	51
28	44	60
26	26	37
45	68	20
25	73	93
49	36	50
29	35	82
59	95	44
81	39	10
49	13	57
61	93	46
45	30	48
57	41	50
65	53	11
81	90	97
23	25	31
89	73	30
55	70	55
30	28	18
28	77	36
50	24	98
63	97	17
10	84	29
29	14	18
81	86	93
45	30	84
54	36	64
78	98	43
27	48	12
12	15	93
12	50	70
89	36	37
32	71	81
68	91	98
50	86	63
42	51	59
16	67	31
60	22	64
94	19	91
20	83	92
32	92	13
98	10	55
41	37	52
80	36	15
89	23	65
36	35	93
61	51	53
36	45	17
85	94	68
64	23	58
22	15	48
90	49	45
78	89	47
68	25	98
65	44	99
31	78	15
40	81	91
23	27	43
86	99	29
21	25	14
84	38	25
36	89	17
26	82	82
37	56	36
42	20	88
45	24	51
27	77	33
95	13	75
53	58	90
59	99	69
38	85	81
37	61	56
88	79	70
14	66	62
43	40	60
74	41	27
15	57	10
47	43	17
50	64	60
13	33	93
47	55	46
35	15	60
99	66	63
42	65	10
95	39	70
83	83	41
63	54	17
77	45	51
34	80	97
26	54	78
39	89	80
88	48	29
23	26	61
33	83	23
66	79	31
22	97	65
14	43	66
97	71	39
20	25	48
82	39	93
64	15	43
42	29	59
91	69	57
88	82	46
77	62	70
11	17	70
67	68	12
57	35	42
12	74	28
64	71	10
59	85	62
61	86	14
69	33	30
84	37	30
83	51	60
39	87	73
71	73	44
28	12	95
70	66	11
64	25	48
49	13	99
46	38	71
58	66	30
11	22	77
76	78	27
29	40	42
75	59	12
44	44	44
49	12	82
13	19	79
36	62	27
91	41	47
33	29	84
73	32	39
16	83	46
44	15	73
54	21	35
62	81	81
109	60	91
51	58	87
25	18	41
60	36	79
36	52	53
54	29	28
94	95	75
62	46	78
31	65	49
95	89	56
69	82	37
58	30	48
84	97	95
64	11	65
94	65	97
85	80	97
66	80	75
72	10	97
64	97	68
43	45	40
56	88	61
30	59	94
30	63	66
73	63	99
11	11	11
42	66	29
75	67	88
36	35	95
84	28	56
27	69	21
81	88	59
68	29	99
28	61	92
64	31	92
48	69	94
16	25	11
17	74	17
86	44	15
29	48	76
85	77	72
48	64	80
98	29	68
31	14	92
89	31	20
48	73	55
69	42	90
52	92	62
39	30	40
99	89	79
71	68	86
61	86	56
32	44	11
46	71	56
15	40	67
32	73	95
54	96	70
14	33	37
80	39	96
60	27	69
74	81	94
20	91	36
91	98	49
52	63	24
80	50	18
42	42	96
28	80	46
55	48	37
77	55	73
51	21	27
52	18	69
21	35	17
15	60	95
14	14	16
84	13	85
53	76	17
14	13	91
91	98	46
65	62	62
52	54	27
18	36	27
78	14	79
30	84	93
72	95	70
58	22	21
42	41	97
70	99	21
25	36	15
85	75	74
94	63	25
27	76	50
63	84	47
83	35	92
78	50	73
79	44	92
60	90	49
15	18	94
89	10	48
94	67	50
22	46	62
55	93	23
61	93	76
59	60	72
64	48	27
48	90	17
63	71	15
81	50	78
52	77	85
63	37	63
72	42	49
74	97	84
40	15	33
61	55	93
21	21	21
77	31	18
70	48	69
32	52	27
87	33	54
13	22	51
78	88	52
39	81	97
15	66	88
36	92	27
68	90	67
39	50	22
94	50	33
76	79	12
46	77	73
64	79	29
98	84	30
20	16	46
27	81	61
63	84	77
69	69	51
24	32	89
42	58	97
12	43	27
74	69	91
60	48	76
10	67	99
76	28	69
21	92	58
53	44	71
24	89	48
17	32	45
40	65	77
77	37	78
53	77	63
22	49	35
50	68	54
10	39	60
38	15	70
39	14	77
29	42	37
41	72	66
95	56	93
53	21	74
66	98	17
84	44	46
66	20	74
53	51	80
22	66	94
47	22	90
10	24	81
48	35	67
74	19	88
93	72	47
51	51	82
87	19	58
38	53	94
98	90	81
42	49	79
41	39	87
10	37	72
90	62	17
50	87	78
97	69	94
79	96	41
71	89	72
65	12	51
77	15	53
79	90	34
63	23	65
79	87	92
64	70	58
91	81	73
25	21	88
59	73	23
53	79	92
64	38	97
63	64	74
19	98	82
98	18	25
84	93	33
22	73	20
27	25	76
54	64	83
68	97	88
92	50	88
19	32	33
29	41	63
41	74	21
76	44	81
79	81	26
63	67	31
15	68	90
33	81	79
86	70	75
64	18	72
53	93	17
82	63	61
39	60	49
76	76	76
15	90	62
25	30	18
72	79	68
21	75	51
47	89	27
86	60	65
80	37	38
62	13	40
30	63	18
66	96	72
28	17	34
15	81	90
47	92	19
78	51	90
83	28	80
75	75	75
14	79	11
35	71	18
67	89	35
30	63	73
42	40	24
56	54	40
90	96	15
28	73	24
38	73	11
20	78	12
72	72	35
36	30	99
45	39	88
47	40	70
18	79	60
16	81	16
93	95	92
13	81	64
23	72	56
98	47	21
23	77	81
42	39	68
14	97	94
19	87	97
79	66	96
16	21	42
30	97	60
78	14	58
68	45	14
28	82	28
41	99	40
45	14	34
68	35	62
80	82	38
48	21	19
24	50	85
36	12	46
68	43	97
28	66	74
89	83	82
69	69	69
11	23	89
20	37	55
75	52	89
58	45	14
94	45	85
64	29	40
14	46	58
68	92	19
14	90	78
90	64	60
32	88	85
10	56	68
83	10	35
65	83	35
97	98	70
86	97	95
27	37	11
76	35	55
13	66	89
48	39	43
69	61	86
81	81	35
88	34	94
79	17	33
32	50	17
76	99	25
49	58	14
71	48	67
57	81	21
92	82	78
22	63	52
42	85	80
78	52	52
60	42	23
28	15	82
66	58	73
63	94	19
55	63	77
10	94	94
77	65	79
21	83	92
17	14	97
45	73	53
18	95	22
47	57	34
46	30	50
39	90	45
66	13	64
41	64	24
27	72	94
28	33	64
80	12	88
94	91	16
20	73	86
79	53	76
11	42	10
85	61	28
15	74	77
53	23	64
62	43	54
45	64	65
75	19	49
83	47	57
94	64	72
80	40	39
56	75	27
76	89	98
74	47	69
10	64	52
42	87	60
69	26	65
44	56	60
77	40	71
35	18	38
35	98	84
38	21	87
23	86	52
59	27	81
96	36	95
39	14	12
36	30	56
39	56	35
74	71	14
94	64	95
83	91	12
93	90	40
64	51	57
85	24	85
92	32	19
42	65	88
61	34	72
62	51	68
50	91	50
33	89	67
99	99	99
79	79	55
34	49	30
97	91	11
97	53	53
97	28	93
48	37	18
12	34	57
14	55	73
31	46	73
30	35	72
96	31	31
63	42	18
37	98	19
72	28	75
89	26	42
48	18	31
88	75	38
27	18	46
30	39	31
91	94	88
10	75	24
76	25	69
52	30	92
96	23	90
68	67	89
41	32	79
86	65	14
71	26	39
23	14	47
83	97	27
63	61	68
35	86	97
66	57	38
92	24	90
63	84	76
20	46	60
51	51	24
60	54	58
64	22	14
73	19	90
61	51	52
43	36	77
92	79	30
21	48	39
27	47	21
48	11	73
50	42	44
72	85	50
93	31	90
82	41	75
27	32	45
50	95	48
88	65	99
70	77	95
48	33	83
54	20	41
71	50	60
86	73	63
51	24	86
52	26	82
13	56	81
21	29	70
18	27	66
14	91	73
36	80	56
68	66	85
87	80	56
58	21	56
13	73	81
47	21	21
93	56	54
88	24	13
45	54	14
21	97	73
73	34	61
88	24	74
32	44	88
96	30	63
35	82	48
32	63	69
19	90	24
88	73	99
59	62	69
93	56	34
17	46	93
53	20	52
45	55	80
79	12	13
81	73	14
71	21	99
42	88	15
42	43	96
20	36	52
97	50	56
12	60	17
39	60	88
51	78	74
78	83	24
23	52	58
46	32	66
94	75	85
70	86	48
64	92	84
24	45	19
46	30	75
16	77	53
61	93	61
64	96	68
37	83	88
38	26	10
20	17	25
85	24	90
61	13	70
70	24	72
59	12	72
57	52	69
77	29	27
69	94	98
68	15	66
30	78	56
60	56	43
35	46	65
22	13	29
98	59	50
98	13	95
93	50	79
65	17	63
66	70	15
16	56	36
97	37	20
64	52	80
64	58	61
43	83	31
96	54	15
44	71	72
74	76	42
14	99	68
34	93	44
51	74	17
89	82	48
99	86	92
98	82	84
66	97	74
76	78	90
26	49	21
21	24	17
17	66	31
20	94	69
74	55	71
30	21	66
31	72	44
19	73	82
97	70	85
85	87	30
52	95	96
56	94	90
95	21	27
84	83	95
94	52	59
70	65	68
17	96	70
13	61	47
39	41	88
47	61	28
38	45	71
31	85	45
79	53	85
50	14	85
16	42	49
98	86	16
75	45	43
39	47	71
85	70	90
16	84	92
46	64	61
74	27	63
86	74	30
42	57	85
28	91	50
38	29	22
72	21	92
89	32	40
53	70	74
39	68	88
40	37	65
62	32	81
84	21	32
46	76	61
69	10	27
71	87	28
45	92	70
60	58	82
70	35	44
44	53	82
24	15	52
57	80	20
18	26	70
69	13	87
97	45	55
67	34	13
72	85	12
42	49	53
43	33	58
69	54	39
88	58	35
90	30	10
39	32	22
86	60	81
35	82	81
10	41	43
33	85	93
31	80	76
56	10	61
89	66	36
65	54	29
79	60	22
68	35	64
60	42	11
43	54	76
22	77	64
78	67	33
56	68	78
15	50	16
60	71	12
83	24	97
42	64	74
40	44	84
68	57	71
46	79	93
47	86	84
48	54	99
31	41	20
80	19	76
80	65	50
20	52	16
84	40	79
62	61	76
24	58	42
53	83	16
51	71	70
51	19	39
63	80	34
29	33	27
10	21	15
26	64	85
98	43	59
10	13	80
37	17	17
58	24	90
53	72	66
93	10	46
29	45	98
70	97	36
11	42	79
33	84	25
71	51	85
88	81	21
97	54	85
67	15	44
44	13	18
60	92	21
93	69	24
75	70	53
84	10	77
19	61	38
43	94	86
14	62	29
46	62	17
20	15	96
92	18	27
42	31	67
94	60	66
22	50	18
44	64	57
37	24	54
96	36	65
49	65	75
45	90	74
90	97	97
58	89	16
37	94	46
18	30	99
78	48	93
69	17	76
48	78	25
94	76	49
53	28	53
55	59	97
38	69	80
18	40	99
34	80	32
95	19	75
36	31	19
13	69	49
29	28	77
26	18	28
26	38	88
62	62	21
24	65	50
46	26	54
93	59	15
35	20	49
10	86	43
28	51	24
30	51	46
61	63	47
29	91	62
70	33	46
89	98	46
56	33	19
27	27	27
87	52	70
15	70	54
38	24	27
85	93	90
46	91	12
63	20	39
60	97	34
39	67	33
19	45	67
46	34	45
15	92	58
36	72	89
38	84	57
23	87	80
57	92	61
83	27	74
40	18	34
39	22	85
81	24	92
33	30	84
60	98	33
75	73	63
22	28	42
64	28	20
42	34	92
33	75	32
29	98	82
92	18	38
63	86	32
18	54	25
24	46	32
67	58	48
32	32	60
91	39	54
85	76	23
38	51	61
29	52	58
48	71	75
23	19	89
72	98	85
43	37	51
43	47	54
85	52	40
34	81	38
81	28	83
62	99	69
49	66	82
13	57	88
47	83	56
14	41	85
52	16	46
87	93	97
86	18	84
15	50	27
83	89	38
58	68	57
72	88	16
34	50	31
68	34	36
40	20	83
21	51	62
73	85	18
71	79	99
26	43	16
98	67	74
26	92	97
99	83	99
51	12	80
63	87	72
99	75	40
68	70	77
74	69	59
44	54	14
23	90	25
85	25	78
60	19	65
67	69	78
65	35	54
41	97	52
55	44	40
98	35	50
81	51	97
57	13	88
51	91	22
52	71	50
65	24	80
30	31	18
67	83	32
45	64	23
46	15	37
69	30	59
28	94	11
22	69	62
45	26	30
23	14	67
37	15	20
96	42	82
54	77	29
82	18	80
80	84	85
11	43	22
97	99	67
28	91	11
79	97	52
51	78	44
26	10	24
88	14	22
87	13	61
58	49	87
26	97	40
96	28	100
53	95	97
34	52	87
46	16	70
39	29	66
74	51	53
34	71	16
18	78	55
33	52	60
67	81	70
85	92	58
19	34	46
32	74	61
44	44	44
98	24	33
24	68	52
16	13	15
83	69	83
49	61	96
61	54	78
35	18	90
69	69	69
14	61	97
12	78	86
12	95	38
10	44	98
44	48	79
89	46	93
46	97	75
81	59	48
49	64	53
93	93	93
18	76	14
80	21	96
73	40	62
41	35	39
18	45	63
81	87	40
27	50	38
78	61	93
52	41	19
62	85	51
46	80	70
27	68	47
25	59	39
92	37	29
34	98	20
53	26	33
29	99	63
83	13	89
32	66	26
31	36	41
24	85	32
84	13	85
58	47	67
92	85	40
46	61	88
88	94	53
50	12	38
50	66	53
18	10	63
40	35	32
87	95	38
59	55	86
42	40	94
39	92	18
12	86	41
73	51	29
91	59	95
12	80	83
46	53	55
41	60	33
48	102	90
56	84	30
52	61	26
87	91	54
16	46	43
16	27	22
13	73	99
20	57	17
82	58	79
97	13	93
30	59	12
70	47	27
76	66	58
34	38	96
41	20	45
49	31	90
37	56	12
94	84	61
64	42	59
96	99	75
17	38	77
77	59	64
53	14	96
23	26	26
12	39	11
55	75	37
24	39	59
32	62	69
10	69	83
67	46	90
25	24	72
32	68	93
32	32	96
29	19	88
62	94	35
35	91	84
10	66	66
68	60	49
28	71	63
68	58	64
84	65	85
42	36	72
63	14	12
92	99	86
60	75	23
57	15	98
36	24	92
96	91	66
66	19	83
82	20	40
19	37	14
64	60	52
21	10	66
26	78	21
19	76	96
68	91	41
82	10	72
40	98	59
43	20	13
66	31	76
53	53	65
65	77	54
74	29	51
70	76	76
43	47	18
41	22	51
53	59	54
32	37	30
49	56	65
22	33	42
15	36	56
49	79	74
57	93	41
31	47	93
13	34	56
96	27	37
76	34	56
55	72	12
69	55	17
77	99	75
24	30	87
53	53	24
25	77	21
75	97	80
76	95	78
20	73	81
13	68	16
35	67	14
35	78	78
71	44	97
54	71	79
81	14	77
76	44	75
25	75	38
51	89	90
86	83	98
12	30	19
78	21	36
45	96	69
55	71	73
84	20	60
68	75	21
89	88	97
52	10	79
63	38	81
63	25	86
33	20	29
98	75	40
53	52	87
24	37	12
67	74	71
23	89	11
62	83	24
89	75	97
75	37	37
33	95	51
32	22	86
36	45	27
50	70	61
76	25	47
83	89	48
64	81	24
97	42	10
17	52	43
78	29	39
32	15	34
76	45	38
95	67	22
25	91	38
10	79	98
24	39	52
89	36	25
13	11	10
50	31	98
95	87	89
20	33	95
39	64	47
94	41	93
51	25	84
71	97	91
31	65	27
35	30	24
46	55	13
62	76	74
35	72	26
28	50	66
33	34	99
25	95	53
30	73	21
92	54	90
36	56	88
71	84	21
22	21	20
30	92	20
70	10	45
65	98	38
26	90	21
39	10	84
85	94	48
83	68	39
14	37	77
32	12	69
51	13	85
26	29	56
91	79	73
80	49	34
42	58	52
12	42	32
62	99	78
41	59	80
65	17	38
16	87	64
74	97	10
95	26	98
64	86	72
95	78	80
23	34	70
97	95	66
92	20	11
22	53	84
32	44	28
40	80	26
69	74	23
80	18	30
47	22	88
21	39	42
15	80	73
48	16	72
81	36	23
23	18	32
40	87	16
81	79	81
59	56	96
12	78	96
69	44	82
19	17	77
98	86	18
95	19	59
93	80	20
54	48	82
84	12	75
34	31	61
71	55	33
71	95	39
22	62	91
38	21	58
65	35	69
56	40	98
29	91	91
43	64	42
56	40	91
96	91	31
84	75	42
67	17	83
43	59	41
55	23	25
40	47	87
56	32	60
24	19	32
64	65	64
93	20	55
49	66	70
89	24	11
62	58	60
68	44	81
45	77	96
37	13	18
43	56	92
68	47	85
42	28	62
11	24	46
13	81	66
60	63	99
47	76	46
73	28	29
31	59	56
86	52	27
94	42	60
70	90	12
80	89	75
25	96	30
23	44	64
99	31	72
32	79	80
47	16	47
27	37	19
61	44	97
30	78	46
19	19	19
96	24	93
81	57	11
23	24	14
96	38	43
25	33	72
61	85	70
57	56	43
49	69	72
38	54	21
23	93	97
75	99	51
35	90	75
50	31	82
23	88	11
57	14	79
58	65	65
96	74	51
70	55	52
24	41	23
92	70	13
27	78	53
22	21	95
42	42	27
55	20	28
36	27	52
10	65	28
17	92	82
57	93	78
47	26	45
82	80	18
83	22	43
16	18	93
15	54	63
94	60	19
92	35	80
35	26	37
59	42	40
24	47	43
64	54	39
75	49	61
10	61	60
33	41	33
51	89	30
66	63	96
85	93	42
50	61	26
54	56	21
61	67	55
61	22	34
58	98	66
32	79	16
60	45	67
76	41	45
70	84	57
42	66	82
64	12	56
33	71	25
86	32	42
68	35	22
61	66	48
75	32	89
53	68	48
20	24	88
27	21	66
81	16	89
72	79	78
12	37	69
74	96	89
38	19	66
86	49	35
53	85	33
55	95	27
69	18	91
11	71	73
57	66	10
18	86	72
62	70	85
37	39	41
84	60	37
57	33	42
64	94	23
32	61	26
25	95	84
30	50	40
48	87	60
52	43	77
62	30	75
26	92	98
62	19	32
58	98	23
27	10	44
60	53	81
28	39	97
94	23	48
63	76	14
43	47	19
46	89	27
94	83	17
18	96	36
75	41	51
98	33	24
34	82	13
74	77	44
13	32	74
35	55	75
47	73	60
96	11	13
36	72	42
11	82	30
44	47	71
68	12	80
14	67	35
83	66	27
69	39	13
72	71	40
55	20	60
13	87	78
60	88	12
45	24	49
18	59	60
85	62	78
69	10	45
95	15	58
45	56	87
25	31	87
48	46	97
92	23	51
70	34	70
64	13	17
54	60	43
60	64	61
96	51	89
40	86	76
89	84	68
45	56	35
41	93	38
61	81	91
24	10	40
27	49	56
75	97	93
35	45	23
20	47	20
66	85	14
20	33	11
42	65	17
91	49	34
85	98	32
46	46	36
57	29	54
61	55	19
95	61	55
92	75	47
63	23	11
57	64	95
22	70	99
91	57	22
46	19	67
89	86	48
97	88	17
42	80	83
82	52	61
96	82	94
11	30	99
95	17	23
77	86	97
53	42	66
14	16	40
12	33	11
70	72	69
52	41	20
94	63	57
48	72	85
50	72	55
41	31	47
98	94	29
24	46	38
74	43	41
18	51	12
29	14	30
18	18	18
83	54	40
96	89	82
75	92	73
64	45	97
69	15	49
73	95	86
81	32	96
90	96	90
61	87	38
89	88	35
34	62	67
70	36	13
22	90	24
81	51	51
51	86	34
26	13	89
30	69	97
68	33	75
24	20	29
60	40	28
70	16	11
17	63	75
17	51	32
38	24	38
42	44	66
11	91	19
21	89	47
64	30	11
91	79	80
46	52	66
48	11	75
59	62	47
88	97	29
24	67	72
21	12	77
60	61	80
69	40	96
63	34	60
28	82	77
30	45	68
27	97	27
85	36	73
31	79	41
88	97	95
56	33	98
98	35	34
97	88	33
24	38	41
33	66	94
71	69	25
30	27	61
69	32	51
79	72	55
42	65	24
34	34	34
55	47	17
14	41	81
56	48	21
39	63	94
86	95	96
86	27	20
25	61	68
22	55	57
84	89	73
15	69	28
63	72	90
73	54	44
59	44	61
23	69	34
18	53	58
68	11	15
19	90	99
63	14	58
40	57	19
53	74	55
76	38	88
64	55	71
65	93	96
10	10	10
65	80	50
31	53	97
41	48	69
70	56	42
77	18	16
70	31	11
52	76	29
93	63	41
24	73	49
79	42	85
92	70	58
69	69	69
30	71	43
41	38	14
14	34	62
77	52	99
26	24	25
34	27	59
84	95	16
54	47	66
53	36	14
88	72	70
24	94	63
90	91	20
81	57	86
17	55	89
50	84	47
73	69	83
93	24	23
76	22	63
90	49	90
11	37	21
45	45	90
99	89	40
98	14	23
11	65	82
29	54	14
41	49	39
10	75	11
63	93	73
37	94	61
68	68	76
42	29	69
96	82	62
56	94	51
28	45	53
44	42	13
22	75	96
97	63	28
69	14	48
52	53	57
64	98	72
59	23	99
55	43	88
49	34	77
98	80	65
48	98	38
38	26	39
71	81	50
32	89	10
17	20	61
28	44	62
89	50	71
93	33	80
46	51	95
95	34	24
96	51	56
81	73	54
75	27	97
76	43	31
70	30	17
69	60	26
78	13	69
20	95	10
18	57	71
80	68	28
67	95	94
33	93	14
13	17	99
87	59	17
59	44	91
64	29	44
30	58	44
47	85	60
53	28	61
51	30	78
27	20	32
15	14	67
95	76	58
43	67	72
87	96	43
99	46	46
70	60	73
19	56	92
31	26	18
99	59	71
19	53	82
44	29	62
42	59	12
88	97	65
48	68	81
85	27	97
10	19	53
68	60	72
82	17	84
60	94	10
42	50	55
31	54	15
80	36	95
15	24	21
42	72	93
37	58	61
99	46	71
53	90	40
70	91	63
99	71	68
68	19	92
72	12	79
35	91	70
30	62	84
98	61	36
48	70	56
50	36	86
44	48	62
67	75	13
34	47	32
45	80	54
28	10	28
28	39	82
40	28	77
41	53	15
21	44	38
33	50	25
89	66	65
47	22	67
62	60	51
81	81	92
23	34	79
11	33	10
34	45	88
93	43	27
85	92	52
18	12	97
62	59	75
77	10	87
12	16	62
28	86	95
30	10	72
42	85	21
78	61	37
74	29	74
15	24	92
47	84	44
36	94	57
43	90	48
71	85	66
89	25	80
85	64	92
27	81	54
65	89	87
62	41	34
84	63	68
96	40	28
96	19	52
43	53	83
62	61	99
80	34	13
29	87	60
88	46	40
40	28	14
93	31	18
33	46	47
41	94	42
14	15	69
24	57	14
42	97	97
89	33	27
76	23	15
57	28	48
74	34	50
17	27	86
33	22	55
25	20	84
41	93	41
26	79	77
79	61	62
35	80	89
78	96	48
66	96	91
28	52	83
85	32	51
64	50	92
76	26	33
26	90	26
57	93	56
80	80	73
30	48	28
70	98	69
26	44	36
41	96	14
13	93	61
90	70	39
56	51	24
60	38	35
61	56	34
78	53	45
26	66	23
85	56	95
74	68	95
34	21	51
54	62	69
13	68	73
48	82	15
15	57	21
60	65	14
11	79	81
27	65	96
21	37	16
17	56	37
91	85	97
72	93	63
31	32	74
63	39	16
59	94	23
75	35	86
23	86	13
10	49	75
41	31	88
37	71	28
75	56	44
49	91	34
23	23	95
23	39	36
13	66	58
94	28	15
33	30	61
55	45	25
82	56	10
59	30	76
26	66	32
74	21	46
92	88	97
81	93	86
56	12	56
63	63	80
47	62	92
44	10	33
24	89	32
66	31	10
74	15	86
93	95	21
60	33	43
82	40	82
81	69	53
82	57	34
82	94	60
99	88	16
60	40	82
32	26	97
17	37	61
36	20	39
77	17	46
59	27	70
57	92	13
101	99	20
85	92	63
52	25	64
17	50	73
57	22	75
60	29	99
56	99	73
84	28	85
95	45	75
58	88	18
52	55	31
18	69	56
97	72	72
94	13	78
44	75	74
80	26	25
98	88	85
74	26	78
16	29	24
81	81	49
26	86	44
12	61	99
73	92	97
20	53	97
87	43	86
39	54	97
82	21	66
39	32	22
71	68	41
44	73	11
33	63	43
83	40	72
115	69	92
50	85	94
59	65	83
50	48	43
70	28	95
40	85	20
36	41	27
15	43	20
21	80	27
66	13	98
69	46	78
14	71	46
31	65	57
72	71	26
72	85	33
61	49	71
28	92	25
46	94	40
20	46	39
89	15	38
18	81	40
94	95	33
23	66	63
57	23	32
84	77	43
64	58	66
74	47	94
62	67	77
82	46	32
29	75	72
96	55	98
92	65	14
59	53	93
66	96	71
80	57	40
80	24	72
89	86	97
55	97	25
78	15	82
78	48	83
97	13	26
70	71	11
23	32	88
22	34	13
93	13	79
77	63	25
36	71	59
34	17	83
94	16	10
49	94	89
79	14	58
79	46	51
83	29	50
75	23	64
78	98	36
42	74	19
12	68	63
67	91	26
77	15	22
92	48	43
78	23	61
69	98	48
59	13	58
40	58	82
78	65	55
43	69	62
19	75	80
99	24	62
33	76	97
95	42	67
27	54	47
46	54	76
44	99	87
42	22	26
69	30	12
55	53	57
16	98	12
79	54	10
49	31	50
22	10	44
50	31	62
38	33	55
89	85	50
71	80	54
80	41	76
78	71	35
71	52	17
99	16	59
23	36	93
49	51	19
24	33	51
69	35	57
62	64	56
99	99	75
29	40	11
72	73	45
19	81	73
85	56	65
46	82	46
91	98	10
85	16	45
55	33	44
80	78	70
90	98	18
27	66	53
62	93	68
77	81	48
63	28	24
66	77	50
78	27	20
90	87	96
60	93	22
26	78	95
69	64	34
15	73	58
24	20	68
32	74	35
49	14	20
18	15	72
36	16	38
24	40	95
82	79	66
40	89	82
87	83	85
60	95	15
90	72	94
52	94	54
43	29	56
59	43	28
99	18	51
35	24	21
10	42	76
97	88	62
84	116	80
16	25	56
38	70	21
29	88	88
35	68	11
76	24	73
88	28	85
82	94	16
40	14	80
81	43	60
46	54	28
33	26	11
60	74	11
45	34	40
53	38	78
33	25	84
95	22	39
98	89	37
64	82	60
62	50	95
43	34	24
78	18	42
16	24	81
51	78	49
12	81	88
97	33	51
66	83	12
62	60	78
89	70	65
54	43	43
86	18	91
44	83	19
32	83	30
29	62	65
40	23	12
88	71	81
13	93	41
15	36	76
26	92	62
49	36	64
77	86	18
81	45	30
30	55	15
33	56	65
80	74	33
60	60	77
56	10	24
91	47	79
36	50	33
48	33	58
32	33	36
49	61	33
63	89	74
24	77	46
21	21	21
17	62	86
31	38	64
34	84	55
38	51	78
72	49	34
13	25	41
66	10	95
54	72	45
89	25	35
63	77	23
82	32	66
94	89	97
28	10	30
17	33	59
42	96	54
47	77	83
11	38	50
60	19	39
12	63	15
47	27	33
56	93	25
26	48	60
56	66	93
52	49	56
81	38	13
80	36	86
67	61	40
74	47	84
79	96	38
74	91	62
43	70	60
60	80	80
90	78	61
13	77	33
85	94	12
57	10	13
81	10	38
77	43	92
82	91	84
75	66	34
83	89	53
46	46	46
70	42	87
46	86	15
82	72	82
12	49	23
90	74	51
50	42	69
89	56	68
43	23	74
68	67	54
51	46	67
22	92	92
34	73	95
53	72	11
91	95	21
91	20	33
23	29	60
28	47	44
64	33	23
20	66	78
66	65	98
17	12	14
84	78	87
53	28	37
67	18	72
88	89	46
49	25	13
97	25	65
35	20	75
92	95	44
24	89	14
58	99	18
19	88	69
78	80	41
72	38	24
19	44	32
42	45	69
17	88	34
53	95	60
22	12	38
75	80	95
36	64	77
54	77	49
59	35	12
94	45	60
47	96	19
18	72	75
85	95	91
86	55	27
65	27	87
56	56	25
36	81	51
53	55	76
38	22	81
35	93	95
44	15	92
68	22	65
14	27	86
36	31	37
35	64	20
24	51	45
91	28	22
66	38	32
35	50	83
84	67	67
44	62	23
99	21	46
74	54	98
15	36	93
42	21	70
79	92	16
43	98	17
53	99	85
59	85	54
99	62	30
89	65	11
73	43	99
25	96	23
33	43	43
17	74	84
86	47	51
93	30	66
98	69	28
29	61	51
92	15	15
64	80	84
62	68	90
23	25	63
76	27	33
77	15	25
57	22	56
51	21	57
35	14	97
40	74	55
26	31	50
14	50	85
35	58	12
61	81	60
64	98	22
48	92	50
29	14	78
27	12	22
88	49	99
64	97	67
26	16	73
48	55	92
98	51	34
85	92	90
30	64	24
73	63	70
97	32	82
16	22	25
56	22	56
41	11	87
73	44	24
81	74	53
52	60	14
79	51	54
59	92	54
53	65	53
93	18	90
42	46	71
77	43	77
98	13	57
14	54	85
38	62	82
33	22	58
78	61	97
46	23	19
38	42	44
44	54	32
44	20	99
15	84	48
67	14	70
30	14	48
62	89	96
26	66	42
49	78	36
84	56	52
61	90	24
28	62	40
74	25	49
86	74	80
56	43	98
51	40	73
52	45	32
14	54	40
68	28	31
69	86	41
25	30	67
63	74	35
69	40	87
74	60	74
66	45	60
48	71	88
58	63	94
92	34	20
29	52	34
80	66	37
89	85	62
58	23	34
65	95	28
92	29	98
79	12	22
13	20	13
70	43	47
43	81	30
81	49	38
40	25	12
12	51	26
70	37	94
91	74	24
13	63	45
17	68	87
31	49	56
27	79	71
29	61	48
86	43	62
53	67	40
41	90	51
33	45	49
24	84	73
63	11	62
94	29	91
41	25	40
19	25	82
67	85	76
58	98	44
21	14	21
30	64	10
27	51	55
88	47	65
77	40	76
64	64	85
18	57	37
70	66	65
96	42	53
55	47	51
10	73	27
85	24	24
73	51	51
13	28	61
76	20	47
90	75	13
36	23	90
93	10	32
53	54	19
40	75	85
15	32	35
36	88	96
51	10	69
71	78	24
40	63	83
45	81	40
51	32	56
91	63	24
26	57	40
46	91	73
24	69	37
90	94	58
22	79	57
53	81	69
11	78	56
27	55	77
49	27	74
42	45	38
12	82	34
29	51	15
46	44	78
33	83	22
19	51	48
11	77	24
25	30	15
83	84	74
49	98	37
92	76	13
47	76	56
25	94	56
41	74	88
74	76	24
17	27	60
97	89	70
17	29	50
59	72	29
61	21	64
86	90	69
64	66	47
95	42	45
30	31	31
46	24	39
32	82	25
10	12	38
71	14	47
38	44	14
64	46	74
17	81	92
70	80	21
54	13	25
25	54	98
33	36	46
10	17	34
52	65	39
74	64	43
55	71	92
40	12	10
13	67	51
37	41	37
73	92	82
32	28	37
83	20	50
65	45	34
27	85	51
41	61	60
51	83	83
57	23	57
23	38	71
82	39	73
59	79	98
54	91	24
85	69	47
21	83	91
59	26	76
54	91	17
18	20	62
30	48	92
76	68	52
37	31	70
83	86	25
85	21	28
12	18	22
56	19	52
46	97	10
51	99	41
98	37	62
67	10	27
57	34	22
80	91	13
92	27	24
74	30	11
62	82	45
51	56	11
39	71	26
24	42	97
82	14	27
74	29	10
66	23	25
92	61	51
79	27	94
50	66	28
47	27	79
49	55	77
88	55	97
64	22	80
32	22	52
61	63	40
74	81	27
88	86	97
36	95	68
34	22	25
51	33	94
96	86	55
73	14	24
12	80	68
95	17	47
31	36	86
92	17	93
98	68	47
16	16	16
43	43	44
51	22	86
94	56	48
52	42	54
24	61	91
86	91	91
48	34	45
26	73	74
80	83	27
13	10	35
79	28	92
62	94	63
51	25	95
58	65	66
59	51	26
77	72	32
94	64	73
54	37	45
83	14	42
37	55	22
40	23	39
50	37	47
62	62	22
43	49	58
36	47	29
63	19	22
33	27	28
66	16	61
82	72	80
51	96	94
55	42	59
51	56	91
67	40	16
42	71	70
89	30	62
49	94	84
53	99	18
96	19	35
62	66	78
53	37	38
32	82	96
15	71	36
38	57	56
70	88	20
79	19	89
32	46	33
91	29	25
37	39	83
58	69	12
48	29	99
56	15	85
97	38	52
70	95	98
26	33	68
20	92	30
68	94	47
47	47	91
23	90	56
68	34	47
87	66	14
40	23	17
95	54	56
75	38	32
32	26	30
23	16	69
30	45	61
67	54	13
25	52	94
96	25	75
21	86	21
80	48	64
92	79	39
96	63	86
88	33	65
30	53	89
58	71	52
24	43	89
93	59	85
31	33	58
95	60	71
54	74	22
70	73	59
17	46	53
92	37	82
73	47	26
57	74	74
84	74	82
24	38	66
88	55	31
59	81	60
68	88	25
92	69	74
82	15	14
90	74	17
29	72	89
48	67	96
88	80	30
50	76	10
86	91	47
53	18	69
93	76	99
11	77	30
37	37	41
76	71	99
65	45	72
86	59	23
24	53	76
42	93	54
83	81	89
30	77	78
91	70	58
54	37	76
30	59	80
89	77	95
95	89	61
15	90	82
54	92	22
62	67	26
42	58	75
82	68	94
72	83	65
47	81	52
66	25	48
56	20	23
79	18	49
81	77	55
42	84	68
31	67	17
98	74	50
13	67	29
86	30	77
92	13	72
36	33	52
56	63	41
73	84	63
92	17	78
90	30	60
18	95	88
43	81	81
92	98	57
67	54	96
96	45	19
66	49	27
23	41	90
23	57	55
51	90	30
19	89	42
74	29	61
54	82	45
37	98	89
28	48	76
91	45	39
20	29	26
57	64	51
66	71	73
27	34	45
43	92	50
63	43	39
99	73	73
57	96	34
68	65	39
99	81	15
72	72	72
11	21	31
44	88	69
11	10	49
44	36	97
11	22	85
66	37	57
44	63	87
19	66	10
95	14	55
95	62	60
52	52	68
27	80	88
84	49	16
64	81	62
55	97	62
28	47	31
55	17	78
41	61	22
72	62	92
48	62	29
81	10	20
63	99	71
90	49	81
57	57	15
37	57	84
11	63	88
76	79	26
62	13	15
69	32	45
90	67	58
34	50	79
68	14	39
67	97	57
67	98	35
60	75	68
44	71	87
58	73	20
46	76	94
55	70	28
77	34	24
95	41	13
45	12	52
72	75	21
45	14	89
97	82	67
22	50	89
30	16	36
74	58	28
34	16	30
79	61	94
25	16	53
58	73	21
61	38	38
28	93	34
63	99	63
21	50	31
53	92	59
88	45	25
33	17	60
86	30	12
27	74	49
81	79	34
14	46	43
86	73	29
80	25	97
93	48	21
53	52	52
95	10	89
12	20	52
31	58	94
82	26	69
49	62	86
22	22	22
27	37	82
11	74	36
99	68	62
28	79	39
27	26	89
47	26	69
62	65	36
66	37	47
92	72	28
60	55	95
36	33	90
89	77	89
34	54	35
15	23	14
13	55	81
60	89	21
67	15	14
52	65	93
54	69	79
59	92	67
60	82	28
84	55	86
63	32	84
61	13	22
32	32	32
10	58	22
62	69	28
65	18	71
17	40	20
23	23	27
65	69	32
70	71	22
70	32	24
32	80	89
51	32	61
91	22	78
86	50	63
12	86	87
71	57	45
24	47	77
65	91	95
31	14	19
76	41	94
18	86	66
56	35	15
92	92	92
80	47	37
41	14	99
89	12	58
13	81	12
61	58	23
27	33	82
75	95	26
17	19	27
81	88	36
19	19	63
21	27	71
81	19	81
56	65	91
49	86	95
12	30	91
88	84	55
76	94	93
45	12	46
83	97	55
64	96	22
28	43	77
32	51	88
45	50	21
39	44	38
58	97	27
91	54	44
82	59	78
59	60	92
78	74	56
49	61	20
18	14	73
40	90	45
69	80	86
46	23	18
10	95	43
62	14	41
69	48	92
13	26	23
51	45	24
84	92	62
96	54	35
58	48	58
90	97	59
15	39	63
34	16	64
40	86	92
38	62	65
59	83	89
19	80	19
50	12	40
37	43	80
26	25	47
58	81	78
54	92	97
78	65	56
96	55	42
63	41	85
47	33	95
87	61	94
49	97	99
25	88	88
65	26	56
85	56	55
99	53	84
23	69	63
99	15	50
57	44	68
10	18	56
76	58	98
85	88	50
44	20	71
97	39	93
75	75	75
79	33	15
55	29	91
47	70	68
73	28	89
24	73	23
47	62	89
14	82	31
52	82	56
13	94	49
78	42	53
77	62	31
58	39	62
92	37	57
20	30	76
58	20	62
35	48	48
39	66	39
43	74	41
45	45	45
59	24	69
81	46	35
48	38	90
87	99	92
17	94	52
36	45	11
23	37	21
75	26	33
88	37	97
35	16	68
65	27	43
94	95	17
46	11	19
82	97	81
63	97	92
64	99	85
72	33	90
97	80	62
51	39	89
83	86	71
58	69	19
40	32	24
68	73	83
28	96	100
82	91	43
30	32	89
59	44	38
67	29	85
31	88	52
92	70	57
32	89	14
88	62	98
54	71	24
43	93	38
75	82	96
47	62	33
59	11	98
69	79	35
83	54	55
77	98	65
55	43	39
86	31	56
25	67	79
83	92	58
55	34	83
13	67	37
35	12	81
58	93	46
45	88	36
50	72	94
67	31	81
60	67	21
97	63	21
52	59	11
69	83	99
78	93	21
23	52	55
93	16	66
71	52	27
17	97	93
32	17	36
43	46	33
64	87	64
40	30	11
43	99	32
68	93	70
63	68	81
17	58	81
15	64	54
44	28	42
81	98	19
61	20	51
63	20	92
72	23	97
34	90	12
15	71	82
81	67	41
70	68	36
63	15	75
33	30	61
72	32	74
37	80	18
28	94	99
54	90	72
97	58	99
30	12	43
15	46	11
77	86	82
68	81	66
67	10	16
17	60	74
39	25	82
48	73	89
67	22	84
91	86	95
65	44	33
37	70	91
87	42	11
57	16	72
90	15	35
21	20	58
33	94	25
34	29	20
48	69	46
60	42	56
44	65	60
49	10	56
75	64	63
53	68	32
80	80	71
92	58	57
31	32	51
84	13	86
63	33	58
53	67	49
47	95	82
65	92	80
97	51	71
60	58	23
39	16	11
31	82	23
43	43	43
27	72	73
89	81	18
98	92	68
67	92	44
65	76	36
88	37	28
96	19	69
93	40	36
91	54	35
32	92	13
15	10	79
22	91	29
36	79	44
57	87	69
31	26	51
61	17	94
75	51	93
54	63	38
41	75	68
12	57	40
91	70	40
24	60	46
23	92	37
70	25	30
57	38	35
33	92	53
97	76	50
18	43	56
21	30	71
89	44	17
17	26	48
97	82	52
35	42	37
34	42	81
81	50	16
31	39	60
25	89	90
25	20	15
62	52	36
58	25	31
53	67	10
41	22	27
23	41	16
59	67	59
49	31	12
64	17	76
98	79	95
64	66	67
16	52	83
44	25	96
41	69	59
15	73	55
67	43	64
17	98	33
38	83	11
53	54	93
62	25	93
55	52	20
60	22	36
96	96	96
70	32	92
65	55	78
67	44	63
95	91	39
85	55	47
84	81	62
10	44	27
37	89	86
94	77	61
16	25	98
41	88	71
40	60	10
14	90	13
44	55	21
38	15	62
33	98	85
10	36	23
96	96	19
57	63	53
58	86	73
81	89	26
76	69	33
22	82	24
69	12	50
69	61	84
17	17	17
14	43	44
70	84	15
31	19	73
22	58	53
59	68	96
81	33	49
90	14	23
38	48	86
73	52	89
76	33	27
51	75	15
23	54	58
77	10	75
15	52	49
92	64	61
38	82	62
28	75	30
31	13	71
84	70	95
66	99	82
28	63	67
29	14	86
42	52	32
76	94	46
16	57	21
97	74	25
56	73	73
33	44	65
21	80	90
36	88	32
24	12	41
58	26	49
50	91	52
72	72	39
75	40	52
35	64	71
52	20	46
33	69	47
98	66	62
22	44	36
35	50	29
54	53	19
61	70	26
32	39	92
77	88	46
51	68	85
62	27	56
29	10	95
72	56	35
52	25	14
40	24	32
29	52	85
20	55	85
87	22	51
49	84	31
19	33	87
93	25	85
15	13	19
29	58	15
71	97	33
59	85	13
54	26	95
79	66	38
79	10	64
59	13	36
92	64	44
47	74	81
69	71	20
26	96	91
33	27	87
39	80	16
30	24	13
97	97	23
51	15	87
15	56	48
19	30	45
45	68	72
88	11	61
62	39	91
45	87	30
75	35	75
84	54	25
15	50	76
96	78	70
15	87	58
10	19	53
17	91	15
50	93	32
53	64	24
16	85	74
63	93	30
12	84	90
22	10	98
30	81	63
45	66	34
37	13	91
63	28	71
45	84	45
80	95	40
19	29	78
95	72	25
75	17	69
83	26	20
24	16	64
81	87	76
40	28	40
12	71	88
66	20	38
15	38	51
79	47	49
18	15	80
27	28	19
12	86	33
25	67	41
77	34	18
45	24	68
33	52	68
10	38	20
75	26	91
25	95	95
72	46	13
20	80	35
16	80	22
69	56	33
67	98	56
47	40	69
46	83	43
90	87	75
91	87	11
99	79	97
69	12	65
10	19	42
44	84	11
41	23	70
42	17	73
68	10	87
86	61	92
95	80	61
76	88	21
92	27	64
57	25	78
62	76	17
64	16	16
36	89	35
43	58	38
69	28	50
57	30	19
48	81	43
33	30	83
92	79	78
84	84	84
66	33	40
94	96	30
77	70	32
40	66	68
59	75	23
85	25	76
37	51	79
66	37	93
75	52	76
50	78	14
31	78	47
34	80	49
51	57	81
55	18	97
48	68	50
31	14	14
95	88	31
56	50	20
54	27	67
64	11	11
13	26	56
18	90	40
41	58	52
31	86	88
69	35	96
66	40	68
88	68	91
10	21	93
78	61	63
62	83	81
69	89	89
24	41	70
65	18	83
33	57	28
17	62	43
79	21	98
30	53	79
84	61	32
41	76	24
29	29	34
89	64	56
58	12	33
85	43	67
76	84	96
75	66	70
46	88	86
44	21	80
20	39	15
49	48	23
18	49	93
89	52	96
43	89	10
43	22	40
20	48	91
53	12	27
40	61	17
67	70	81
26	64	75
79	64	73
14	77	29
43	72	77
12	47	83
27	48	44
73	41	94
93	83	53
99	84	12
31	65	93
49	67	34
48	20	83
84	67	63
69	52	65
48	16	62
83	16	19
96	92	35
34	34	88
97	29	28
31	21	18
85	59	70
30	75	21
43	93	58
80	47	12
17	73	20
84	17	71
70	89	90
43	33	32
61	57	59
12	77	60
76	14	83
28	35	52
49	81	94
32	79	83
18	55	98
78	63	45
42	35	16
55	97	11
15	15	15
82	73	53
46	74	45
16	66	72
92	61	25
88	96	19
57	31	69
54	22	28
59	11	62
73	90	81
91	34	53
58	17	40
34	37	21
38	66	77
78	92	75
40	99	64
39	34	83
97	92	91
90	97	36
48	55	68
76	93	41
66	11	12
57	59	74
57	58	63
77	76	33
95	13	41
67	80	58
35	64	35
47	89	36
43	31	83
94	35	16
74	83	76
76	15	42
18	21	39
44	26	14
16	27	89
11	60	67
95	93	46
95	52	87
25	78	33
53	80	62
41	82	91
44	10	35
45	98	62
74	14	30
60	29	73
17	17	46
16	55	60
29	72	78
79	67	58
39	47	49
76	22	82
89	32	36
83	42	43
90	16	25
81	54	92
24	27	61
69	52	78
70	82	60
42	86	83
92	40	90
99	21	10
17	72	64
61	11	34
84	30	19
17	71	64
97	95	85
78	91	28
27	97	53
37	47	67
20	86	53
88	50	33
10	36	24
77	88	37
65	76	42
30	85	61
41	81	45
34	44	71
31	53	79
63	27	10
58	63	92
25	77	88
31	86	54
94	92	86
88	77	92
11	25	50
81	62	28
53	47	25
11	25	57
91	18	74
77	25	85
56	67	84
32	53	41
57	65	55
27	40	34
81	81	64
25	84	20
53	65	22
66	89	95
84	61	88
35	30	89
33	18	11
50	64	70
58	49	93
99	60	23
60	81	47
76	76	94
26	78	68
61	61	61
59	16	36
43	37	78
48	43	98
44	89	26
34	83	80
80	99	52
40	25	85
69	16	71
68	85	64
29	83	30
41	12	98
74	82	88
25	22	88
60	23	99
84	90	98
71	91	22
89	37	15
75	52	43
88	52	65
17	49	52
61	22	89
76	35	54
78	59	91
21	31	49
35	68	79
91	78	95
57	65	72
75	88	84
83	47	83
77	82	89
39	52	65
23	64	31
87	90	60
32	73	82
37	18	62
56	78	49
87	14	66
78	12	66
10	97	58
41	26	98
10	29	35
14	79	73
72	39	45
51	47	64
56	38	57
34	42	34
25	75	22
95	39	11
13	69	95
57	21	21
22	91	73
20	69	12
41	62	50
85	66	47
50	97	58
83	44	34
30	37	65
13	56	49
90	38	84
12	10	33
31	60	51
38	26	69
90	41	30
76	26	63
60	19	79
59	68	34
52	21	52
58	80	17
30	62	61
87	22	94
48	48	48
17	94	94
77	25	74
70	29	93
52	76	33
94	78	34
19	61	77
15	22	29
50	34	74
96	20	72
26	39	95
61	82	27
89	20	14
78	24	51
44	48	18
31	78	41
19	46	52
85	93	92
69	33	26
72	56	96
73	50	82
81	58	49
77	20	11
18	95	29
54	21	82
29	79	21
50	52	14
79	31	13
46	80	56
78	58	78
67	86	74
39	26	77
93	94	85
57	75	69
15	20	72
34	80	82
25	35	83
74	16	94
72	65	97
71	90	69
62	10	90
39	27	29
57	75	92
23	87	95
53	64	80
53	57	23
95	91	67
28	84	94
49	37	56
68	52	66
94	12	65
35	68	94
73	25	48
54	23	75
39	79	25
28	23	10
88	53	52
11	93	18
92	38	66
71	91	44
42	64	53
28	17	96
47	18	29
66	48	27
78	69	24
10	90	80
19	28	79
70	43	47
97	99	14
77	38	95
61	83	13
15	97	23
76	10	34
40	51	32
20	44	60
18	41	95
97	86	59
82	43	65
20	18	18
13	12	27
40	42	93
87	69	80
33	80	36
89	11	59
96	42	71
90	31	94
81	14	83
41	34	75
12	17	99
47	59	77
32	99	85
41	41	34
64	73	94
25	89	28
45	66	18
27	60	72
53	74	82
85	66	85
29	94	52
54	56	27
43	86	99
37	77	38
16	41	55
71	65	84
76	79	34
61	91	67
34	63	81
74	67	49
79	31	36
74	45	95
70	42	87
95	78	72
60	30	53
58	59	68
39	39	29
51	45	78
20	20	20
63	36	47
37	79	34
56	58	55
64	31	82
80	53	86
59	91	72
59	56	87
83	87	98
37	68	33
12	35	34
43	71	67
40	17	73
33	47	30
43	73	19
78	14	49
56	22	78
54	68	31
65	78	29
66	21	23
90	49	28
83	57	21
49	68	73
27	35	74
40	78	14
27	87	87
92	43	18
63	92	10
76	12	70
41	27	60
85	92	71
28	58	85
26	41	21
11	25	92
87	38	71
89	76	38
56	71	36
48	46	84
68	11	92
37	79	80
85	18	64
83	86	72
24	82	82
80	25	58
77	73	31
24	20	74
34	27	26
76	27	55
10	75	42
39	58	97
76	76	76
56	39	91
94	19	92
61	96	69
66	74	15
93	26	49
33	39	10
43	83	39
69	69	84
28	41	94
59	93	73
67	95	89
63	31	92
90	23	69
21	21	21
92	45	19
98	13	51
34	46	36
28	59	40
79	80	51
23	28	80
51	37	73
17	16	68
65	78	31
45	22	67
67	69	56
84	54	10
42	91	27
12	27	46
12	47	89
75	78	82
84	74	57
50	89	22
41	88	64
79	98	78
58	58	83
78	88	46
18	76	57
59	40	99
84	86	99
66	73	34
61	54	26
72	83	78
84	92	49
66	79	86
42	32	45
50	99	17
71	33	93
92	39	73
75	87	52
30	23	32
73	33	75
93	19	51
16	39	10
64	81	95
52	16	39
82	73	52
78	20	53
57	97	52
85	79	96
48	13	20
32	67	75
65	96	16
98	72	59
89	89	89
22	45	55
16	12	85
98	67	31
41	69	14
43	81	88
96	12	73
10	18	49
31	44	96
59	97	23
31	58	62
45	68	38
58	57	57
35	58	19
21	75	72
91	95	45
26	21	28
50	89	21
53	62	25
87	89	51
66	24	30
44	35	22
22	59	99
43	31	12
38	96	77
16	26	37
17	22	52
46	36	84
60	33	67
39	92	96
36	42	82
44	49	99
66	36	93
43	47	71
86	94	26
18	45	68
10	90	97
50	67	94
95	32	46
33	44	55
18	48	52
49	41	49
78	10	70
29	32	45
53	59	74
44	35	95
17	81	39
17	11	46
31	18	40
60	98	25
89	44	58
79	29	80
70	46	84
97	55	42
92	23	38
25	27	62
35	94	10
43	88	59
48	57	95
79	37	78
53	59	16
81	94	38
75	73	25
17	86	64
58	91	94
45	53	28
55	54	59
96	31	88
44	63	68
10	73	44
27	24	68
13	98	81
70	75	63
87	87	47
11	97	25
83	78	83
49	73	55
19	90	26
32	59	11
16	89	85
76	80	96
66	15	68
58	20	51
48	37	80
87	22	87
62	33	34
69	89	27
18	32	33
77	66	78
92	65	66
43	50	94
36	64	31
47	12	94
61	23	70
85	51	68
68	86	16
56	40	99
17	91	59
57	63	87
84	57	32
76	56	95
68	67	61
90	48	74
91	10	32
18	46	97
33	33	46
24	28	13
39	35	87
65	64	54
42	20	93
69	71	55
25	31	60
34	93	66
90	74	85
22	21	38
57	32	19
46	99	32
13	43	23
38	23	10
23	89	25
64	41	33
61	92	88
25	24	38
39	55	36
57	73	46
95	30	41
68	85	44
97	10	80
13	37	74
69	69	69
25	70	22
28	85	58
76	79	98
88	42	98
10	90	18
62	82	98
23	83	68
91	80	14
97	39	68
88	86	26
45	91	39
86	22	75
45	76	28
19	97	84
15	91	62
62	50	32
66	10	36
97	81	65
86	84	95
11	21	63
98	63	58
83	53	12
27	56	56
91	31	53
19	87	26
68	71	10
66	46	69
80	50	50
40	91	65
54	21	65
20	16	15
55	34	38
12	19	22
92	90	47
64	67	84
89	76	66
41	22	55
88	40	59
63	17	81
38	12	64
24	22	23
29	73	85
82	52	22
79	72	75
58	43	44
98	48	10
95	95	95
50	30	58
23	28	75
61	11	66
80	34	27
11	67	74
81	69	29
10	57	84
74	50	16
76	55	92
64	20	77
99	83	77
90	90	66
80	24	92
13	34	99
64	32	86
34	31	68
81	46	14
15	22	17
38	15	20
72	14	86
20	24	27
53	34	86
96	47	17
13	53	43
61	42	98
26	30	23
45	76	82
93	36	53
65	60	65
52	50	17
50	66	97
90	53	11
75	30	46
30	50	40
23	77	17
12	11	58
11	42	12
34	58	79
28	17	13
88	51	17
25	31	73
92	35	54
54	27	19
81	33	82
79	91	37
22	83	79
29	77	22
68	72	86
90	82	22
23	39	71
92	27	60
68	74	60
40	95	89
32	90	40
90	25	32
41	24	18
62	42	93
87	75	82
99	98	43
30	96	67
56	12	80
34	79	87
51	31	19
37	39	82
19	94	14
52	95	52
52	90	42
22	89	83
48	62	87
75	65	19
66	81	87
98	26	31
38	31	63
30	38	63
67	59	61
87	50	61
82	26	90
81	81	81
59	98	15
77	41	11
49	48	27
80	37	21
80	52	85
17	37	73
78	43	63
52	45	23
69	86	17
47	66	32
60	39	83
78	84	45
48	57	40
21	47	89
53	44	79
45	32	89
85	73	85
79	98	33
78	24	80
18	12	88
80	69	37
60	60	77
83	44	45
93	51	62
67	67	67
12	44	89
52	37	79
42	47	62
84	91	88
12	37	90
23	77	16
65	17	38
30	16	97
85	23	12
65	71	15
14	78	79
98	89	71
61	28	44
77	44	86
42	89	91
92	78	58
13	51	32
91	90	18
69	24	92
92	84	53
62	55	29
77	77	77
19	19	56
19	65	27
97	41	33
21	64	54
65	96	11
87	57	55
40	67	77
66	89	23
77	98	31
35	74	91
23	16	89
24	27	30
23	56	60
96	80	76
65	93	96
31	26	23
74	41	91
60	71	31
81	73	67
13	45	93
13	15	59
80	63	86
27	34	22
56	41	56
22	18	22
70	66	99
19	61	83
28	19	96
51	63	98
11	85	88
56	82	17
66	55	60
95	70	56
40	97	94
52	61	53
28	16	71
43	82	76
65	11	54
73	76	62
32	94	74
60	74	26
28	82	82
55	98	94
42	88	20
18	67	37
63	76	60
73	63	37
73	92	58
73	73	25
43	25	83
96	41	48
18	55	56
72	23	12
43	75	37
20	14	85
58	98	29
78	78	78
12	27	35
95	10	85
40	97	89
17	54	79
16	70	18
45	63	94
24	94	24
59	75	12
28	48	11
82	48	16
15	66	48
12	94	32
39	65	60
80	89	56
14	28	23
35	72	56
56	90	54
80	116	84
62	10	69
20	12	79
58	52	94
60	23	83
85	46	74
30	32	92
33	90	78
71	65	52
51	12	59
32	65	59
69	34	15
86	57	54
38	85	27
41	94	67
32	94	12
59	15	81
12	48	85
49	16	30
85	99	29
18	34	34
67	21	32
14	94	40
26	38	40
80	67	67
49	91	28
87	99	99
33	14	37
42	58	40
53	97	36
23	39	56
70	97	52
54	54	20
96	26	68
86	49	70
53	16	95
60	34	47
82	13	87
65	94	59
95	99	33
51	69	38
90	73	55
65	19	19
97	25	40
77	76	62
63	27	21
75	23	69
65	56	33
31	63	97
47	74	23
27	35	46
66	18	19
45	92	27
15	18	99
32	30	97
32	41	71
26	16	55
85	77	36
17	91	68
71	34	91
86	28	76
54	18	23
71	15	44
33	48	51
92	51	92
95	73	25
29	24	42
54	45	61
80	19	94
36	44	93
65	65	49
30	68	52
27	69	94
20	97	37
85	96	46
55	87	18
14	95	53
32	90	86
41	51	73
72	91	15
68	55	43
27	79	66
18	80	16
25	17	10
47	67	73
96	56	21
43	43	43
56	72	54
94	49	19
58	59	78
57	21	70
29	29	29
50	62	85
34	62	64
79	13	33
71	72	42
28	54	61
58	95	57
52	66	66
43	78	82
20	27	56
70	10	88
29	20	21
60	60	60
43	29	91
70	39	90
40	91	32
57	40	66
41	80	87
55	27	13
70	52	38
79	83	42
56	91	40
38	32	88
92	47	10
48	32	94
34	54	53
31	65	84
99	47	98
78	67	88
55	84	23
15	90	31
88	55	50
17	16	58
18	82	11
60	59	39
88	29	31
26	38	29
11	83	85
92	47	97
37	11	85
10	20	69
60	89	42
91	70	29
83	25	75
82	95	53
40	28	61
30	33	92
78	34	97
52	84	53
20	31	99
61	81	64
78	20	85
94	75	40
58	74	71
87	62	98
87	31	11
84	54	30
97	84	18
26	28	27
19	12	47
98	34	71
52	80	67
95	57	76
37	73	82
75	77	23
54	10	51
80	24	70
31	90	95
35	98	85
20	95	80
81	61	16
65	52	91
71	97	41
24	44	45
31	44	59
75	88	22
64	60	22
38	90	60
37	27	95
95	15	24
47	24	88
20	43	24
69	90	59
20	63	64
24	14	79
98	40	72
59	97	25
63	71	37
27	95	21
81	58	20
19	67	46
73	74	50
76	95	20
37	10	54
37	29	21
20	96	91
67	33	61
37	73	52
49	87	15
48	28	36
62	87	41
24	69	41
60	49	36
55	63	84
63	82	63
72	38	43
16	80	57
94	73	32
31	24	66
43	48	50
94	35	44
46	87	10
30	24	89
86	64	98
62	81	59
68	22	10
43	87	21
83	40	85
57	15	52
48	20	81
77	92	52
92	91	26
12	73	62
52	99	77
18	96	55
16	51	65
46	81	96
21	41	92